10 00 00 00 00 ac 53 02 00 00 00 01 00 01 00 00 
@
10 00 00 00 00 ac 53 02 00 00 00 02 00 02 10 00 a8 04 01 00 00 00 64 00 00 00 7b 00 00 00 65 00 
00 00 00 00 00 00 00 00 00 00 6c 00 00 00 00 00 00 00 2b 01 00 00 4c 61 75 72 69 6e 00 00 00 00 
00 00 00 00 00 00 00 00 00 00 00 00 00 00 00 00 00 00 00 00 00 00 48 69 6c 6c 00 00 00 00 00 00 
00 00 00 00 00 00 00 00 00 00 00 00 00 00 00 00 00 00 00 00 00 00 4c 65 74 20 77 69 74 68 20 74 
68 65 20 42 65 73 74 20 61 6e 64 20 64 69 65 20 6c 69 6b 65 20 74 68 65 20 72 65 73 74 20 3b 29 
20 0a 0d 0a 0d 5a 69 63 6b 65 6e 74 65 72 72 6f 72 20 72 75 6c 65 64 3b 29 00 00 00 00 00 00 00 
00 00 00 00 00 00 00 00 00 00 00 00 00 00 00 00 00 00 00 00 00 00 00 00 00 00 00 00 00 00 00 00 
00 00 00 00 00 00 00 00 00 00 00 00 00 00 00 00 00 00 00 00 00 00 00 00 00 00 00 00 00 00 00 00 
00 00 00 00 00 00 00 00 00 00 00 00 00 00 00 00 00 00 00 00 00 00 00 00 00 00 00 00 00 00 00 00 
00 00 00 00 00 00 00 00 00 00 00 00 00 00 00 00 00 00 00 00 00 00 00 00 00 00 00 00 00 00 00 00 
00 00 00 00 00 00 00 00 00 00 00 00 00 00 00 00 00 00 00 00 00 00 00 00 00 00 00 00 00 00 00 00 
00 00 00 00 00 00 00 00 00 00 00 00 00 00 00 00 00 00 00 00 00 00 00 00 00 00 00 00 00 00 00 00 
00 00 00 00 00 00 00 00 00 00 00 00 00 00 00 00 00 00 00 00 00 00 00 00 00 00 00 00 00 00 00 00 
00 00 00 00 00 00 00 00 00 00 00 00 00 00 00 00 00 00 00 00 00 00 00 00 00 00 00 00 00 00 00 00 
00 00 00 00 00 00 00 00 00 00 00 00 00 00 00 00 00 00 00 00 00 00 00 00 00 00 00 00 00 00 00 00 
00 00 00 00 00 00 00 00 00 00 00 00 00 00 00 00 00 00 00 00 00 00 00 00 00 00 00 00 00 00 00 00 
00 00 00 00 00 00 00 00 00 00 00 00 00 00 00 00 00 00 00 00 00 00 00 00 00 00 00 00 00 00 00 00 
00 00 00 00 00 00 00 00 00 00 00 00 00 00 00 00 00 00 00 00 00 00 00 00 00 00 00 00 00 00 00 00 
00 00 00 00 00 00 00 00 00 00 00 00 00 00 00 00 00 00 00 00 00 00 00 00 00 00 00 00 00 00 00 00 
00 00 00 00 00 00 00 00 00 00 00 00 00 00 00 00 00 00 00 00 00 00 00 00 00 00 00 00 00 00 00 00 
00 00 00 00 00 00 00 00 00 00 00 00 00 00 00 00 00 00 00 00 00 00 00 00 00 00 00 00 00 00 00 00 
00 00 00 00 00 00 00 00 00 00 00 00 00 00 00 00 00 00 00 00 00 00 00 00 00 00 00 00 00 00 00 00 
00 00 00 00 00 00 00 00 00 00 00 00 00 00 00 00 00 00 00 00 00 00 00 00 00 00 00 00 00 00 00 00 
00 00 00 00 00 00 00 00 00 00 00 00 00 00 00 00 00 00 00 00 00 00 00 00 00 00 00 00 00 00 00 00 
00 00 00 00 00 00 00 00 00 00 00 00 00 00 00 00 00 00 00 00 00 00 00 00 00 00 00 00 00 00 00 00 
00 00 00 00 00 00 00 00 00 00 00 00 00 00 00 00 00 00 00 00 00 00 00 00 00 00 00 00 00 00 00 00 
00 00 00 00 00 00 00 00 00 00 00 00 00 00 00 00 00 00 00 00 00 00 00 00 00 00 00 00 00 00 00 00 
00 00 00 00 00 00 00 00 00 00 00 00 00 00 00 00 00 00 00 00 00 00 00 00 00 00 00 00 00 00 00 00 
00 00 00 00 00 00 00 00 00 00 00 00 00 00 00 00 00 00 00 00 00 00 00 00 00 00 00 00 00 00 00 00 
00 00 00 00 00 00 00 00 00 00 00 00 00 00 00 00 00 00 00 00 00 00 00 00 00 00 00 00 00 00 00 00 
00 00 00 00 00 00 00 00 00 00 00 00 00 00 00 00 00 00 00 00 00 00 00 00 00 00 00 00 00 00 00 00 
00 00 00 00 00 00 00 00 00 00 00 00 00 00 00 00 00 00 00 00 00 00 00 00 00 00 00 00 00 00 00 00 
00 00 00 00 00 00 00 00 00 00 00 00 00 00 00 00 00 00 00 00 00 00 00 00 00 00 00 00 00 00 00 00 
00 00 00 00 00 00 00 00 00 00 00 00 00 00 00 00 00 00 00 00 00 00 00 00 00 00 00 00 00 00 00 00 
00 00 00 00 00 00 00 00 00 00 00 00 00 00 00 00 00 00 00 00 00 00 00 00 00 00 00 00 00 00 00 00 
00 00 00 00 00 00 00 00 00 00 00 00 00 00 00 00 00 00 00 00 00 00 fc be 4b ee e7 cb c0 12 01 05 
00 00 00 87 5d 71 4a 8c ff 8c ff ec ff c5 ff c5 ff c5 ff 00 00 03 01 03 01 31 00 00 b4 02 32 00 
00 b4 03 38 00 00 b4 03 51 00 00 00 04 00 52 00 00 00 0b 00 54 00 00 00 01 00
@
10 00 00 00 00 ac 53 02 00 00 00 03 00 03 10 00 93 00 33 02 01 00 47 6f 6f 64 74 69 6d 65 73 00 
5e cb 01 00 54 6f 64 64 33 34 36 35 00 be cc 01 00 4d 65 64 61 6e 6f 6e 00 d2 cf 01 00 72 59 75 
67 65 6e 00 9a d3 01 00 46 6f 6e 64 6f 00 08 d5 01 00 41 72 6d 69 6e 61 74 6f 72 00 f5 e3 01 00 
54 68 65 53 6f 6c 69 64 53 6e 61 6b 65 00 7d e5 01 00 57 69 74 63 68 62 75 72 6e 65 72 00 8f f5 
01 00 54 61 75 72 6f 6e 00 93 f5 01 00 54 68 65 41 76 65 6e 4e 69 67 65 72 61 00 86 4c 02 00 53 
79 6d 62 69 00
@
10 00 00 00 00 ac 53 02 00 00 00 04 00 04 10 00 00 00 
@
10 00 00 00 00 ac 53 02 00 00 00 05 00 08 10 00 7c 01 02 26 00 00 00 02 2f 00 00 00 02 32 00 00 
00 02 35 00 00 00 02 36 00 00 00 02 37 00 00 00 02 40 00 00 00 02 41 00 00 00 02 43 00 00 00 02 
45 00 00 00 02 4b 00 00 00 02 50 00 00 00 02 55 00 00 00 02 56 00 00 00 02 5e 00 00 00 02 62 00 
00 00 02 69 00 00 00 02 6b 00 00 00 02 6d 00 00 00 02 70 00 00 00 01 30 00 00 00 01 31 00 00 00 
01 37 00 00 00 01 41 00 00 00 01 45 00 00 00 01 48 00 00 00 01 49 00 00 00 01 4a 00 00 00 01 4c 
00 00 00 01 4e 00 00 00 01 50 00 00 00 01 52 00 00 00 01 63 00 00 00 01 64 00 00 00 01 65 00 00 
00 01 68 00 00 00 01 69 00 00 00 01 6a 00 00 00 01 6b 00 00 00 01 6d 00 00 00 01 6f 00 00 00 01 
70 00 00 00 01 72 00 00 00 01 73 00 00 00 01 74 00 00 00 01 78 00 00 00 01 79 00 00 00 01 7b 00 
00 00 01 7c 00 00 00 01 7d 00 00 00 01 7e 00 00 00 01 7f 00 00 00 01 80 00 00 00 01 81 00 00 00 
01 82 00 00 00 01 83 00 00 00 01 84 00 00 00 01 85 00 00 00 01 86 00 00 00 01 87 00 00 00 01 88 
00 00 00 01 8b 00 00 00 01 8c 00 00 00 01 8d 00 00 00 01 8e 00 00 00 01 8f 00 00 00 01 90 00 00 
00 01 92 00 00 00 01 93 00 00 00 01 94 00 00 00 01 95 00 00 00 01 98 00 00 00 01 99 00 00 00 03 
07 00 00 00 03 11 00 00 00 03 18 00 00 00 
@
10 00 00 00 00 ac 53 02 00 00 00 06 00 09 10 00 00 00 
@
10 00 00 00 00 ac 53 02 00 00 00 07 00 0a 10 00 00 00 
@
10 00 00 00 00 ac 53 02 00 00 00 08 00 0b 10 00 1e 00 07 00 00 00 01 00 08 00 00 00 00 00 0a 00 
00 00 03 00 0d 00 00 00 00 00 1c 00 00 00 01 00
@
10 00 00 00 00 ac 53 02 00 00 00 09 00 05 10 00 b1 03 00 c1 09 00 00 00 00 00 10 01 c1 09 00 00 
00 00 00 10 02 c1 09 00 00 00 00 00 10 03 c1 09 00 00 00 00 00 10 04 c1 1e 00 00 00 00 00 10 05 
c1 1e 00 00 00 00 00 10 06 c1 1e 00 00 00 00 00 10 07 c1 1e 00 00 00 00 00 10 08 c6 1e 00 00 00 
00 00 10 09 c6 1e 00 00 00 00 00 10 0a c6 1e 00 00 00 00 00 10 0b c6 1e 00 00 00 00 00 10 0c cb 
1e 00 00 00 00 00 10 0d cb 1e 00 00 00 00 00 10 0e cb 1e 00 00 00 00 00 10 0f cb 1e 00 00 00 00 
00 10 10 42 95 00 00 00 00 00 38 11 d7 26 00 00 00 00 00 00 12 0d b0 00 00 00 00 00 44 13 04 00 
00 00 00 00 02 14 14 13 02 00 00 00 00 00 1c 15 c9 09 00 00 00 00 08 00 16 ea 04 00 00 00 00 00 
38 17 d1 01 00 00 00 00 00 48 18 1b 04 00 00 00 00 00 48 19 f0 1a 00 00 00 00 00 44 1a 34 9b 00 
00 00 00 00 10 1b 07 7e 00 00 00 00 00 38 1c 95 03 00 00 00 00 00 48 1d 40 19 00 00 00 00 00 18 
1e f7 04 00 00 00 00 00 14 1f fa 1e 00 00 00 00 00 18 20 65 02 00 00 00 00 00 44 21 02 1f 00 00 
00 00 00 34 22 31 23 00 00 00 00 00 24 23 89 03 00 00 00 00 00 14 24 6e 13 00 00 00 00 00 38 25 
ef 99 00 00 00 00 04 00 26 46 1a 00 00 00 00 00 18 27 fc 1e 00 00 00 00 00 38 28 fb a6 00 00 00 
00 00 1c 29 87 96 00 00 00 00 00 30 2a a6 01 00 00 00 00 00 34 2b 68 02 00 00 00 00 00 38 2c 0c 
1b 00 00 00 00 04 00 2d 91 14 00 00 00 00 00 24 2e b9 02 00 00 00 00 00 24 2f c8 09 00 00 00 00 
00 00 30 d5 9d 00 00 00 00 00 00 31 ff 1e 00 00 00 00 00 34 32 ac 01 00 00 00 00 00 14 33 3f 19 
00 00 00 00 00 24 34 c8 39 00 00 00 00 00 48 35 ef 2e 00 00 00 00 00 18 36 e5 1a 00 00 00 00 00 
44 37 10 23 00 00 00 00 00 44 38 b9 02 00 00 00 00 00 34 39 0a 21 00 00 00 00 00 14 3a ff 1e 00 
00 00 00 00 48 3b a7 01 00 00 00 00 00 18 3c 04 00 00 00 00 00 00 24 3d a5 95 00 00 00 00 00 78 
3e 46 1a 00 00 00 00 00 44 3f 85 9e 00 00 00 00 02 14 40 51 9b 00 00 00 00 00 00 41 7a 22 00 00 
00 00 00 28 42 d9 26 00 00 00 00 08 00 43 da 26 00 00 00 00 10 00 44 9f 02 00 00 00 00 00 1c 45 
3a 95 00 00 00 00 00 78 46 3e a8 00 00 00 00 00 1c 47 00 27 00 00 00 00 00 00 48 68 02 00 00 00 
00 00 28 49 d1 04 00 00 00 00 00 24 4a b9 02 00 00 00 00 00 34 4b f7 04 00 00 00 00 00 24 4c f6 
a6 00 00 00 00 00 1c 4d b9 02 00 00 00 00 00 34 4e 65 02 00 00 00 00 00 44 4f 0b ab 00 00 00 00 
00 18 50 ec 26 00 00 00 00 00 00 51 d5 56 00 00 00 00 00 38 52 9f 7f 00 00 00 00 00 38 53 e5 1a 
00 00 00 00 00 44 54 09 04 00 00 00 00 00 28 55 b9 02 00 00 00 00 00 18 56 54 09 00 00 00 00 00 
34 57 f7 04 00 00 00 00 00 18 58 b9 02 00 00 00 00 00 18 59 7f 9e 00 00 00 00 00 58 5a d8 26 00 
00 00 00 10 00 5b fa 1e 00 00 00 00 00 24 5c db 26 00 00 00 00 04 00 5d fa 1e 00 00 00 00 00 38 
5e 94 2c 00 00 00 00 00 44 5f ef 1a 00 00 00 00 00 34 61 53 1d 00 00 00 00 00 58 62 68 9a 00 00 
00 00 00 14 63 2e a1 00 00 00 00 02 14 64 d3 26 00 00 00 00 00 28 65 b3 a9 00 00 00 00 00 28 66 
25 16 00 00 00 00 00 1c 67 e7 02 00 00 00 00 00 24 68 93 6c 00 00 00 00 00 14 6a 95 96 00 00 00 
00 00 20
@
10 00 00 00 00 ac 53 02 00 00 00 0a 00 06 10 00 a2 00 00 00 11 08 00 80 04 00 00 14 03 80 05 00 
00 18 03 80 06 00 11 b4 00 80 08 00 00 34 01 80 0b 00 00 e0 02 80 0c 00 00 64 03 80 18 00 01 58 
01 80 19 00 01 84 01 80 1a 00 11 7c 01 80 1b 00 11 d0 00 80 1c 00 00 e4 00 80 1d 00 00 d8 08 80 
1f 00 0a b0 00 80 21 00 01 a0 00 80 22 00 01 e8 00 80 2e 00 00 ac 00 80 31 00 00 08 01 80 33 00 
00 14 01 80 37 00 00 4c 01 80 47 00 00 ec 00 80 48 00 11 30 01 80 4b 00 00 88 01 80 4e 00 00 1c 
05 80 50 00 25 b8 0f 80 52 00 11 2c 00 80 5a 00 00 1c 0f 80
@
10 00 00 00 00 ac 53 02 00 00 00 0b 00 07 10 00 82 02 00 00 11 08 00 80 01 00 11 c4 01 80 02 00 
00 e4 02 80 03 00 00 08 02 80 04 00 00 14 03 80 05 00 00 18 03 80 06 00 11 b4 00 80 07 00 00 e4 
00 80 08 00 00 34 01 80 09 00 01 94 00 80 0a 00 00 6c 00 80 0b 00 00 e0 02 80 0c 00 00 64 03 80 
0d 00 00 90 00 80 0e 00 00 a4 01 80 0f 00 08 1c 02 80 10 00 08 d0 01 80 11 00 11 20 02 80 12 00 
00 30 02 80 13 00 00 3c 02 80 14 00 00 44 02 80 15 00 00 48 02 80 16 00 08 f0 01 80 17 00 00 68 
02 80 18 00 01 58 01 80 19 00 01 84 01 80 1a 00 11 7c 01 80 1b 00 11 d0 00 80 1c 00 00 e4 00 80 
1d 00 00 d8 08 80 1e 00 00 1c 00 80 1f 00 0a b0 00 80 20 00 00 3c 00 80 21 00 01 a0 00 80 22 00 
01 e8 00 80 23 00 00 28 02 80 24 00 85 53 0e 84 25 00 84 52 0e 84 26 00 00 1c 05 80 27 00 0c d0 
01 80 28 00 11 f4 01 80 29 00 0c f0 01 80 2a 00 0c 1c 02 80 2b 00 00 f8 01 80 2c 00 86 53 0e 84 
2d 00 80 52 0e 84 2e 00 00 ac 00 80 2f 00 00 0c 01 80 30 00 00 98 00 80 31 00 00 08 01 80 32 00 
80 52 0e 84 33 00 00 14 01 80 34 00 00 c8 04 84 35 00 93 55 0e 84 36 00 93 54 0e 84 37 00 00 4c 
01 80 38 00 00 52 0e 84 39 00 00 55 0e 84 3a 00 01 c0 02 80 3b 00 80 53 0e 84 3c 00 01 00 02 80 
3d 00 11 04 02 80 3e 00 01 4c 02 80 3f 00 93 54 0e 84 40 00 93 55 0e 84 41 00 00 54 0e 84 42 00 
00 44 02 80 43 00 80 52 0e 84 44 00 8c 54 0e 84 45 00 01 7c 01 80 46 00 00 88 01 80 47 00 00 ec 
00 80 48 00 11 30 01 80 49 00 00 58 01 80 4a 00 00 84 01 80 4b 00 00 88 01 80 4c 00 00 a8 02 80 
4d 00 00 a8 03 80 4e 00 00 1c 05 80 4f 00 00 f8 01 80 50 00 25 b8 0f 80 51 00 19 60 11 80 52 00 
11 2c 00 80 53 00 80 54 0e 84 54 00 01 c0 0f 80 55 00 00 53 0e 84 56 00 93 55 0e 84 57 00 8b 55 
0e 84 58 00 80 52 0e 84 5a 00 00 1c 0f 80 5b 00 00 cf 04 84 5c 00 01 30 01 80 5d 00 0d 68 03 80 
5e 00 00 e4 01 80 5f 00 19 5c 02 80 60 00 11 5c 02 80 61 00 01 68 03 80 62 00 80 e9 53 84 63 00 
00 f0 00 80 64 00 0f 2c 01 80 65 00 00 cd 04 84 66 00 11 38 02 80 67 00 00 6c 02 80 68 00 00 60 
02 80 69 00 00 94 11 80 6a 00 00 ec 01 80 6b 00 11 e0 01 80
@
10 00 00 00 00 ac 53 02 00 00 00 0c 00 0e 10 00 00 00 
@
10 00 00 00 00 ac 53 02 00 10 27 0d 01 0f 10 00 00 00
